0
0
0
0
0
0
0
0
0
6.32493e-05
7.49372e-05
9.41954e-05
0.000126248
0.000180758
0.000278371
0.000460692
0.000819418
0.00156627
0.00322905
0.00711702
0.0168093
0.0420713
0.111366
0.309938
0.900132
2.69571
8.09298
22.5995
52.1356
95.9224
150.616
216.344
296.042
393.907
514.952
665.132
851.613
1083.08
1370.11
1725.5
2164.75
2706.53
3373.21
4191.52
5193.03
6413.34
7897.68
9707.57
11872.1
14481.6
17636.6
21375.5
25768.7
30985.4
37290.1
44518.4
52962.5
62500.7
73583.2
86337.6
100827
108733
