0
0
0
0
0.031822
0.095328719
0.141165541
0.127219311
0.105100019
0.08682655
0.071730243
0.059258691
0.048955536
0.040443764
0.033411911
0.027602669
0.022803464
0.018838685
0.015563251
0.012857309
0.010621842
0.00877505
0.007249355
0.005988928
0.004947649
0.004087414
0.003376746
0.00278964
0.002304612
0.001903915
0.001572886
0.001299413
0.001073487
0.000886843
0.00073265
0.000605266
0.00050003
0.000413091
0.000341268
0.000281933
0.000232914
0.000192418
0.000158962
0.000131324
0.000108491
8.96E-05
7.40E-05
6.12E-05
5.05E-05
4.17E-05
3.45E-05
2.85E-05
2.35E-05
1.94E-05
1.61E-05
1.33E-05
1.10E-05
9.06E-06
7.48E-06
6.18E-06
5.11E-06
4.22E-06
