0
0
0
0
0
0
0
0
0
3.3722e-05
3.67697e-05
4.24501e-05
5.21474e-05
6.83247e-05
9.61409e-05
0.000145305
0.00023611
0.000412839
0.000779898
0.0015804
0.00344408
0.00799731
0.0197586
0.0516949
0.142446
0.410784
1.22995
3.77549
11.5318
32.4142
74.3637
135.238
209.817
298.102
403.75
531.763
687.877
878.685
1111.92
1396.73
1743.96
2166.45
2679.3
3300.27
4049.93
4950.85
6031.73
7331.95
8864.65
10687
12860.9
15399.8
18339
21781.1
25888.6
30523.3
35859.2
41788.1
48581
56287.8
64895.6
68832.1
