0	0	0	0	0	0	0	0	0	6.4099e-05	7.60781e-05	9.58024e-05	0.000128639	0.000184527	0.000284715	0.000472089	0.000841271	0.00161101	0.00332724	0.00734604	0.0173785	0.0435613	0.115467	0.321734	0.935252	2.80185	8.39984	23.324	53.2974	97.2874	152.059	217.896	297.795	395.973	517.466	668.259	855.562	1088.13	1376.59	1733.88	2175.6	2720.58	3391.4	4215.05	5223.39	6452.38	7947.73	9771.58	11953.5	14584.7	17767	21539.3	25973.2	31239.9	37606.6	44908.7	53441.5	63083.5	74289.8	87190.8	101852	109878	
0	0	0	0	0	0	0	0	0	5.89532e-05	6.92008e-05	8.61609e-05	0.000114361	0.000162128	0.000247188	0.000405001	0.000713231	0.00135008	0.002757	0.00602165	0.0140998	0.0350095	0.0920038	0.254433	0.735217	2.19672	6.63285	19.021	46.1007	88.643	142.9	208.105	286.815	383.101	501.875	648.934	831.218	1057.11	1336.77	1682.51	2109.16	2634.58	3280.13	4071.28	5038.04	6214.14	7642.47	9381.37	11457.6	13956.7	16973.6	20542.8	24729.7	29693.5	35683.8	42539.4	50534.7	59549.4	70006.8	82022.4	95646.8	102951	
0	0	0	0	0	0	0	0	0	5.41902e-05	6.29057e-05	7.74351e-05	0.000101587	0.000142321	0.000214394	0.000347058	0.000603917	0.0011298	0.00228084	0.00492725	0.0114171	0.0280748	0.0731307	0.20067	0.576173	1.71514	5.19826	15.2816	39.1566	79.7582	133.38	198.06	275.734	370.289	486.525	630.07	807.614	1027.2	1298.53	1633.35	2045.77	2552.72	3174.43	3934.94	4862.54	5988.89	7354.24	9013.42	10990.6	13365.9	16228.2	19607.9	23564.4	28246.3	33886.6	40327.7	47824.9	56259.2	66024.7	77223.7	89893.2	96539.5	
0	0	0	0	0	0	0	0	0	4.97802e-05	5.7142e-05	6.95367e-05	9.01586e-05	0.000124808	0.000185741	0.000297029	0.000510631	0.000943962	0.00188357	0.00402376	0.00922451	0.0224595	0.0579751	0.157805	0.450048	1.33364	4.04672	12.1134	32.6256	70.7094	123.465	187.697	264.498	357.494	471.375	611.624	784.702	998.333	1261.81	1586.32	1985.3	2474.83	3074.06	3805.72	4696.46	5776.04	7082.24	8666.62	10550.9	12810.5	15528.3	18731	22472.7	26892.2	32207.1	38263.6	45299.1	53196.4	62322.8	72768.6	84559	90606	
0	0	0	0	0	0	0	0	0	4.57053e-05	5.18759e-05	6.24032e-05	7.99577e-05	0.000109361	0.000160771	0.000253951	0.000431256	0.00078766	0.0015532	0.0032805	0.00743921	0.0179302	0.045855	0.12378	0.350518	1.03332	3.13289	9.49398	26.67	61.6269	113.135	176.94	253.025	344.636	456.343	593.504	762.375	970.386	1226.44	1541.21	1927.49	2400.57	2978.59	3683.04	4539.06	5574.61	6825.2	8339.32	10136.6	12287.6	14870.2	17907.5	21448.9	25623.8	30635.9	36335	42942.2	50342.2	58877.6	68627.9	79608	85108.4	
0	0	0	0	0	0	0	0	0	4.19388e-05	4.70636e-05	5.59596e-05	7.08519e-05	9.57374e-05	0.000139014	0.000216869	0.000363744	0.000656273	0.00127866	0.0026696	0.00598711	0.0142818	0.0361774	0.0968214	0.272154	0.797719	2.41301	7.36856	21.407	52.6879	102.406	165.723	241.245	331.656	441.38	575.663	740.582	943.296	1192.34	1497.92	1872.22	2329.78	2887.8	3566.61	4389.94	5384.07	6582.4	8030.57	9746.15	11795.6	14251.7	17134.5	20488.9	24435.9	29166.4	34533.3	40743.3	47682.6	55671.4	64779.6	75012.8	80014.7	
0	0	0	0	0	0	0	0	0	3.84596e-05	4.26687e-05	5.01433e-05	6.27303e-05	8.37325e-05	0.000120076	0.000184986	0.000306399	0.000545997	0.00105091	0.00216844	0.00480851	0.0113496	0.02847	0.0755228	0.210654	0.613641	1.84982	5.67162	16.9001	44.1129	91.3412	153.981	229.072	318.479	426.416	558.033	719.249	916.98	1159.42	1456.33	1819.33	2262.26	2801.42	3456.08	4248.64	5203.81	6353.02	7739.28	9378.27	11332.6	13670.3	16408.7	19588.6	23323.3	27791.5	32849.8	38691.1	45203.6	52686.8	61201.9	70746.3	75293.3	
0	0	0	0	0	0	0	0	0	3.52447e-05	3.86544e-05	4.4893e-05	5.54868e-05	7.31554e-05	0.000103596	0.000157584	0.000257717	0.000453507	0.000862141	0.00175775	0.00385316	0.00899684	0.0223428	0.0587308	0.162507	0.470268	1.41151	4.33347	13.1479	36.1342	80.0634	141.668	216.416	305.027	411.389	540.557	698.321	891.377	1127.6	1416.35	1768.72	2197.86	2719.27	3351.2	4114.82	5033.37	6136.46	7464.63	9031.83	10897	13124.1	15727.6	18744.7	22281.5	26505.7	31277.3	36776.4	42893.6	49909	57876.3	66785.6	70917.4	
0	0	0	0	0	0	0	0	0	3.22799e-05	3.49951e-05	4.01635e-05	4.90406e-05	6.38583e-05	8.92908e-05	0.000134094	0.000216505	0.000376165	0.000706182	0.00142236	0.00308158	0.00711623	0.0174917	0.0455497	0.124991	0.359182	1.07268	3.29085	10.1046	28.9721	68.7803	128.766	203.171	291.188	396.195	523.132	677.686	866.36	1096.75	1377.81	1720.14	2136.29	2640.98	3251.51	3987.87	4871.98	5931.72	7205.32	8705.18	10486.9	12610.3	15087.7	17952.8	21305	25301.9	29806.7	34988.1	40738.6	47320.9	54781.7	63104.7	66857.4	
0	0	0	0	0	0	0	0	0	2.95453e-05	3.16591e-05	3.59033e-05	4.33047e-05	5.56877e-05	7.68767e-05	0.000113967	0.000181636	0.000311538	0.000577447	0.00114876	0.00245923	0.00561535	0.0136579	0.0352244	0.0958282	0.27336	0.811816	2.48497	7.68523	22.7697	57.769	115.317	189.24	276.856	380.747	505.686	657.276	841.858	1066.76	1340.6	1673.5	2077.42	2566.37	3156.75	3867.49	4719.23	5738.24	6960.64	8397.34	10100.8	12127.2	14486.7	17209.9	20390	24175.1	28431.9	33318.2	38728.7	44909.9	51902.3	59684.1	63090.5	
0	0	0	0	0	0	0	0	0	2.70244e-05	2.86199e-05	3.20685e-05	3.82049e-05	4.85139e-05	6.61154e-05	9.67425e-05	0.000152174	0.000257618	0.000471367	0.000926001	0.00195835	0.00442041	0.0106361	0.0271599	0.0732328	0.207301	0.611886	1.86664	5.79377	17.5808	47.3602	101.44	174.54	261.908	364.937	488.126	637.003	817.78	1037.56	1304.61	1628.65	2021.08	2495.22	3066.66	3753.31	4574.62	5555.39	6729.74	8107.22	9737.37	11673	13922.3	16513	19532.6	23120.5	27146.5	31758.6	36853.8	42663.5	49222.7	56504.7	59594.7	
0	0	0	0	0	0	0	0	0	2.47002e-05	2.58508e-05	2.86166e-05	3.3671e-05	4.22163e-05	5.67894e-05	8.20074e-05	0.000127295	0.000212666	0.00038404	0.000744847	0.00155579	0.00347062	0.00825887	0.0208752	0.0557701	0.156603	0.459217	1.39493	4.33376	13.3677	37.8794	87.3619	159.02	246.213	348.65	470.358	616.787	794.049	1009.05	1269.76	1585.49	1967.13	2427.38	2981.03	3645.06	4437.83	5382.72	6512.01	7834.03	9395.56	11246.3	13392.6	15859.6	18729.7	22133.9	25945.3	30302.7	35105.4	40571	46729.6	53550.1	56350.8	
0	0	0	0	0	0	0	0	0	2.25612e-05	2.33327e-05	2.5516e-05	2.96492e-05	3.67009e-05	4.87273e-05	6.94356e-05	0.000106345	0.000175303	0.000312382	0.000598035	0.00123344	0.00271865	0.0063966	0.0159994	0.0423385	0.117894	0.343301	1.03762	3.22043	10.0371	29.5972	73.4336	142.686	229.618	331.723	452.239	596.491	770.524	981.077	1235.85	1543.79	1915.31	2362.51	2899.46	3542.25	4308.19	5219.41	6306.43	7576.43	9073.69	10845	12895	15246.5	17976.8	21209.9	24821.5	28942.2	33473.3	38620	44407.6	50801.6	53337.7	
0	0	0	0	0	0	0	0	0	2.05927e-05	2.10431e-05	2.27311e-05	2.60824e-05	3.18721e-05	4.17609e-05	5.87152e-05	8.87162e-05	0.000144274	0.000253642	0.000479203	0.000975708	0.00212433	0.00494063	0.0122251	0.0320342	0.0884262	0.255598	0.768222	2.37847	7.45651	22.6442	60.0999	125.657	211.994	313.998	433.639	576.008	747.108	953.55	1202.8	1503.46	1865.5	2300.46	2821.75	3444.61	4185.4	5065.03	6112.44	7333.71	8770.79	10467.7	12427.8	14671.3	17271.5	20345	23770.7	27671.3	31950.4	36801.4	42245.7	48245.4	50539.3	
0	0	0	0	0	0	0	0	0	1.8782e-05	1.89624e-05	2.02317e-05	2.29216e-05	2.76482e-05	3.57473e-05	4.95841e-05	7.39013e-05	0.000118544	0.000205573	0.000383205	0.000770081	0.00165575	0.00380539	0.00931237	0.0241555	0.0660763	0.189515	0.566119	1.74655	5.48942	17.0144	47.8421	108.194	193.244	295.289	414.395	555.207	723.681	926.348	1170.47	1464.34	1817.52	2241.05	2747.66	3351.85	4069.08	4919.12	5929.41	7105.05	8485.81	10113.2	11989.2	14132	16610.7	19535.6	22788.2	26484.3	30529.5	35106.3	40232.7	45867.9	47940.1	
0	0	0	0	0	0	0	0	0	1.71164e-05	1.70716e-05	1.79887e-05	2.01212e-05	2.39545e-05	3.05584e-05	4.18111e-05	6.14601e-05	9.72271e-05	0.000166281	0.000305755	0.000606282	0.00128697	0.0029221	0.00706989	0.0181477	0.0491772	0.139899	0.415145	1.27515	4.00847	12.5902	37.0678	90.7277	173.344	275.401	394.326	533.941	700.123	899.36	1138.76	1426.33	1771.26	2184.11	2677.01	3263.74	3958.93	4781.29	5756.86	6889.83	8217.95	9780.43	11577.8	13626.7	15992.1	18778.6	21870.3	25376.3	29204.3	33527	38359.1	43657.4	45526.5	
0	0	0	0	0	0	0	0	0	1.55873e-05	1.5357e-05	1.59801e-05	1.76458e-05	2.07323e-05	2.60926e-05	3.52122e-05	5.10424e-05	7.96208e-05	0.000134268	0.000243491	0.000476298	0.000997932	0.00223782	0.00535146	0.0135893	0.0364674	0.102859	0.303076	0.926164	2.90684	9.20192	28.0316	73.8716	152.407	254.125	373.188	512.001	676.244	872.397	1107.46	1389.19	1726.45	2129.33	2609.43	3179.85	3854.41	4650.86	5593.95	6687	7965.87	9467.62	11191.7	13152.8	15412.6	18070.1	21011.9	24341.1	27967.4	32054.4	36613.8	41600.2	43283.1	
0	0	0	0	0	0	0	0	0	1.41832e-05	1.38022e-05	1.41817e-05	1.5458e-05	1.79222e-05	2.22506e-05	2.96129e-05	4.23249e-05	6.50914e-05	0.000108213	0.000193497	0.000373304	0.000771783	0.0017088	0.00403771	0.0101399	0.0269375	0.0753041	0.22022	0.669115	2.09406	6.65505	20.7596	58.3055	130.752	231.311	350.735	489.182	651.884	845.323	1076.44	1352.81	1682.96	2076.59	2544.77	3099.96	3755.28	4527.54	5440.28	6496.02	7728.9	9173.95	10829.5	12708.8	14870.2	17407.5	20209.8	23374.7	26813.8	30682.1	34988.8	39686.8	41198.8	
0	0	0	0	0	0	0	0	0	1.28942e-05	1.23923e-05	1.25717e-05	1.35251e-05	1.54725e-05	1.89469e-05	2.48649e-05	3.5036e-05	5.31129e-05	8.70324e-05	0.000153413	0.00029183	0.000595184	0.00130074	0.00303591	0.0075373	0.0198151	0.0548798	0.159217	0.480728	1.49868	4.76835	15.1061	44.6336	108.952	206.897	326.69	465.238	626.849	817.979	1045.56	1317.02	1640.63	2025.7	2482.82	3023.87	3661.27	4410.99	5295.44	6316.4	7506.38	8898.56	10490.3	12293.3	14363	16788.5	19461.2	22473.4	25738.7	29404.2	33477.1	37908.2	39263.4	
0	0	0	0	0	0	0	0	0	1.17128e-05	1.11166e-05	1.11336e-05	1.18212e-05	1.33421e-05	1.61134e-05	2.08495e-05	2.89589e-05	4.32674e-05	6.987e-05	0.000121386	0.000227623	0.000457837	0.000987337	0.00227554	0.00558337	0.0145205	0.0398279	0.114583	0.343612	1.0662	3.38946	10.838	33.2416	87.85	181.013	300.758	439.836	600.862	790.117	1014.58	1281.6	1599.21	1976.38	2423.25	2951.16	3571.9	4300.63	5158.71	6147.23	7297.21	8640.08	10172.3	11904.2	13888.5	16209.8	18761.9	21632.2	24736	28213.5	32069.5	36253.6	37464.6	
0	0	0	0	0	0	0	0	0	1.14093e-05	1.07941e-05	1.07759e-05	1.14037e-05	1.28276e-05	1.54378e-05	1.99029e-05	2.75403e-05	4.0988e-05	6.25574e-05	9.37837e-05	0.000174988	0.000348676	0.000743779	0.00169493	0.00411276	0.0105837	0.0287498	0.0820058	0.244168	0.753652	2.39052	7.68185	24.1776	68.4005	154.082	272.709	412.633	573.649	761.533	983.333	1246.38	1558.54	1928.47	2365.92	2881.69	3487	4196.26	5029.84	5988.22	7100.97	8397.97	9874.77	11540.6	13445.4	15669.9	18109.9	20848.4	23802.5	27105.6	30760.9	34716.5	35794.9	
0	0	0	0	0	0	0	0	0	1.14093e-05	1.07941e-05	1.07759e-05	1.14037e-05	1.28276e-05	1.54378e-05	1.99029e-05	2.75403e-05	4.0988e-05	6.25574e-05	7.71091e-05	0.000134181	0.000265165	0.000559262	0.00125934	0.00302016	0.00768598	0.0206658	0.0584124	0.172581	0.529522	1.6739	5.38896	17.2463	51.4722	126.925	242.454	383.23	544.844	731.932	951.565	1211.14	1518.39	1881.73	2310.52	2815.13	3406.18	4097.42	4908.3	5838.68	6916.86	8171.2	9596.51	11200.8	13031.7	15166.3	17502.1	20118.3	22933.4	26075	29544.3	33288.5	34244.7	
0	0	0	0	0	0	0	0	0	1.14093e-05	1.07941e-05	1.07759e-05	1.14037e-05	1.28276e-05	1.54378e-05	1.99029e-05	2.75403e-05	4.0988e-05	6.25574e-05	7.71091e-05	0.000103972	0.000202385	0.000420734	0.000934494	0.00221238	0.00556332	0.0147962	0.0414185	0.121361	0.369911	1.16427	3.74694	12.1116	37.5748	100.743	210.187	351.212	513.994	700.946	918.963	1175.56	1478.45	1835.84	2256.75	2751.11	3329.03	4003.63	4793.5	5697.93	6744.03	7958.78	9336.23	10883.4	12645.6	14696.6	16935.7	19438.3	22124.5	25116.2	28413.2	31961.7	32805.2	
0	0	0	0	0	0	0	0	0	1.14093e-05	1.07941e-05	1.07759e-05	1.14037e-05	1.28276e-05	1.54378e-05	1.99029e-05	2.75403e-05	4.0988e-05	6.25574e-05	7.71091e-05	9.37461e-05	0.000151972	0.000313496	0.000688609	0.00161121	0.00400519	0.0105373	0.0292071	0.084845	0.256785	0.80413	2.58301	8.39413	26.7335	76.8945	176.562	316.264	480.604	668.179	885.228	1139.42	1438.53	1790.6	2204.39	2689.43	3255.35	3914.67	4685.19	5565.68	6582.11	7760.21	9093.33	10587.5	12286	14259.6	16409	18806.2	21372.9	24225.9	27363.5	30731	31470.4	
0	0	0	0	0	0	0	0	0	1.14093e-05	1.07941e-05	1.07759e-05	1.14037e-05	1.28276e-05	1.54378e-05	1.99029e-05	2.75403e-05	4.0988e-05	6.25574e-05	7.71091e-05	9.37461e-05	0.000115359	0.000234346	0.000507325	0.00117089	0.00287367	0.00747214	0.0204931	0.0589824	0.177138	0.551494	1.76596	5.75119	18.6237	56.5261	142.811	278.294	444.106	633.119	849.966	1102.39	1398.31	1745.73	2153.17	2629.8	3184.82	3830.2	4582.99	5441.47	6430.59	7574.86	8867.03	10312.2	11951.8	13853.6	15919.9	18219.7	20675.8	23400.3	26390.6	29590.7	30233.8	
0	0	0	0	0	0	0	0	0	1.14093e-05	1.07941e-05	1.07759e-05	1.14037e-05	1.28276e-05	1.54378e-05	1.99029e-05	2.75403e-05	4.0988e-05	6.25574e-05	7.71091e-05	9.37461e-05	0.000112591	0.000172133	0.000369972	0.000844628	0.0020491	0.00526821	0.0142969	0.0407607	0.121426	0.375635	1.19796	3.90109	12.7577	40.2142	110.718	237.681	403.918	595.109	812.651	1064.03	1357.42	1700.85	2102.7	2571.82	3117.01	3749.72	4486.34	5324.67	6288.69	7401.84	8656.23	10056.1	11641.3	13476.8	15466.3	17675.8	20029.6	22635.3	25489.2	28534.7	29088.5	
0	0	0	0	0	0	0	0	0	1.14093e-05	1.07941e-05	1.07759e-05	1.14037e-05	1.28276e-05	1.54378e-05	1.99029e-05	2.75403e-05	4.0988e-05	6.25574e-05	7.71091e-05	9.37461e-05	0.000112591	0.000135803	0.000266361	0.000604533	0.00145191	0.00369255	0.00991557	0.0279957	0.0826914	0.254039	0.806237	2.62105	8.61655	27.8445	82.1764	195.549	359.64	553.413	772.682	1023.89	1315.47	1655.63	2052.67	2515.18	3051.61	3672.94	4394.93	5214.93	6156.03	7240.67	8460.38	9818.63	11353.6	13128	15046.6	17172.8	19432	21928	24656.1	27558.7	28029.5	
0	0	0	0	0	0	0	0	0	1.14093e-05	1.07941e-05	1.07759e-05	1.14037e-05	1.28276e-05	1.54378e-05	1.99029e-05	2.75403e-05	4.0988e-05	6.25574e-05	7.71091e-05	9.37461e-05	0.000112591	0.000135803	0.000194252	0.000434154	0.00102798	0.00258025	0.00684606	0.0191227	0.055958	0.17059	0.538309	1.74482	5.74778	18.862	58.5757	153.899	311.295	507.205	729.291	981.392	1272	1609.66	2002.69	2459.52	2988.26	3599.49	4308.36	5111.82	6032.14	7090.82	8278.84	9598.93	11087.9	12806	14659.4	16708.9	18880.9	21275.8	23887.8	26658.6	27052.1	
0	0	0	0	0	0	0	0	0	1.14093e-05	1.07941e-05	1.07759e-05	1.14037e-05	1.28276e-05	1.54378e-05	1.99029e-05	2.75403e-05	4.0988e-05	6.25574e-05	7.71091e-05	9.37461e-05	0.000112591	0.000135803	0.000165928	0.000305224	0.000718954	0.00178703	0.00469143	0.0129702	0.0376007	0.11371	0.356573	1.15122	3.79204	12.5553	40.3561	115.396	259.751	455.708	681.5	935.75	1226.4	1562.4	1952.27	2404.33	2926.47	3528.84	4226.09	5014.75	5916.36	6951.54	8110.76	9396.02	10842.8	12509.5	14302.9	16281.9	18373.7	20675.5	23180.6	25829.9	26151.1	
0	0	0	0	0	0	0	0	0	1.14093e-05	1.07941e-05	1.07759e-05	1.14037e-05	1.28276e-05	1.54378e-05	1.99029e-05	2.75403e-05	4.0988e-05	6.25574e-05	7.71091e-05	9.37461e-05	0.000112591	0.000135803	0.000165928	0.000217477	0.00050439	0.00123601	0.00320284	0.00875104	0.0251061	0.0752516	0.234299	0.752744	2.47517	8.23263	27.046	82.5014	207.098	398.528	628.204	886.045	1177.98	1513.31	1900.93	2349.21	2865.84	3460.63	4147.78	4923.4	5808.35	6822.49	7955.73	9209.44	10618	12237.7	13976.4	15890.8	17909	20125.2	22532.2	25069.8	25323.1	
0	0	0	0	0	0	0	0	0	1.14093e-05	1.07941e-05	1.07759e-05	1.14037e-05	1.28276e-05	1.54378e-05	1.99029e-05	2.75403e-05	4.0988e-05	6.25574e-05	7.71091e-05	9.37461e-05	0.000112591	0.000135803	0.000165928	0.000200712	0.00034584	0.000843642	0.00216549	0.00585575	0.0166327	0.049408	0.152681	0.487789	1.59927	5.32828	17.7355	56.5802	156.697	336.164	568.203	831.035	1125.78	1461.63	1848.01	2293.52	2805.76	3394.27	4072.8	4837.11	5707.43	6702.9	7812.92	9038.26	10412.2	11989.3	13678.2	15533.7	17484.6	19622.5	21939.5	24374.5	24563.9	
0	0	0	0	0	0	0	0	0	1.14093e-05	1.07941e-05	1.07759e-05	1.14037e-05	1.28276e-05	1.54378e-05	1.99029e-05	2.75403e-05	4.0988e-05	6.25574e-05	7.71091e-05	9.37461e-05	0.000112591	0.000135803	0.000165928	0.000200712	0.000243934	0.000565844	0.00144836	0.00388368	0.0109275	0.0321678	0.0986203	0.313114	1.02256	3.40579	11.4204	37.5024	112.294	270.674	500.6	769.258	1068.66	1406.5	1792.84	2236.7	2745.73	3329.29	4000.76	4755.53	5613.29	6592.5	7682.08	8882.18	10225.1	11764.1	13408	15210	17099.7	19166.3	21401.1	23742.1	23871.1	
0	0	0	0	0	0	0	0	0	1.14093e-05	1.07941e-05	1.07759e-05	1.14037e-05	1.28276e-05	1.54378e-05	1.99029e-05	2.75403e-05	4.0988e-05	6.25574e-05	7.71091e-05	9.37461e-05	0.000112591	0.000135803	0.000165928	0.000200712	0.000243934	0.00038558	0.000971969	0.00257086	0.00714561	0.0208099	0.0632187	0.199259	0.647468	2.15229	7.24274	24.2062	76.6015	206.104	425.419	698.993	1005.02	1346.72	1734.42	2177.86	2684.93	3264.91	3930.87	4677.87	5525.1	6490.43	7562.26	8740.2	10055.7	11560.6	13164.1	14918	16752.3	18754	20914.1	23169.3	23240.9	
0	0	0	0	0	0	0	0	0	1.14093e-05	1.07941e-05	1.07759e-05	1.14037e-05	1.28276e-05	1.54378e-05	1.99029e-05	2.75403e-05	4.0988e-05	6.25574e-05	7.71091e-05	9.37461e-05	0.000112591	0.000135803	0.000165928	0.000200712	0.000243934	0.000293078	0.000634374	0.00167444	0.00461653	0.0133218	0.0401191	0.125509	0.405533	1.34394	4.52741	15.2876	50.1548	147.707	344.618	618.724	932.933	1280.83	1671.71	2116.18	2622.67	3200.54	3862.64	4603.74	5442.56	6396.46	7453.34	8612.25	9903.92	11379	12946.8	14657.7	16442.3	18385.6	20478.1	22655.4	22671.9	
0	0	0	0	0	0	0	0	0	1.14093e-05	1.07941e-05	1.07759e-05	1.14037e-05	1.28276e-05	1.54378e-05	1.99029e-05	2.75403e-05	4.0988e-05	6.25574e-05	7.71091e-05	9.37461e-05	0.000112591	0.000135803	0.000165928	0.000200712	0.000243934	0.000293078	0.000420742	0.00109358	0.00297423	0.00847952	0.0252697	0.0783637	0.251495	0.829875	2.7932	9.48365	31.809	99.983	263.009	527.881	850.006	1206.77	1603.13	2050.38	2557.82	3135.13	3795.08	4532.17	5364.74	6309.67	7354.36	8497.35	9768.7	11218	12754.6	14427.7	16167.9	18059	20090.8	22197.6	22161.2	
0	0	0	0	0	0	0	0	0	1.14093e-05	1.07941e-05	1.07759e-05	1.14037e-05	1.28276e-05	1.54378e-05	1.99029e-05	2.75403e-05	4.0988e-05	6.25574e-05	7.71091e-05	9.37461e-05	0.000112591	0.000135803	0.000165928	0.000200712	0.000243934	0.000293078	0.000348588	0.000693338	0.00188303	0.00532687	0.0157335	0.0483827	0.154185	0.506216	1.70008	5.78642	19.6641	64.5032	187.72	428.318	753.907	1121.94	1526.8	1979.08	2489.29	3067.79	3727.44	4462.55	5291.15	6229.72	7265.12	8395.4	9650.07	11077.9	12587.8	14228.1	15929.6	17774.6	19752.5	21796.1	21708.2	
0	0	0	0	0	0	0	0	0	1.14093e-05	1.07941e-05	1.07759e-05	1.14037e-05	1.28276e-05	1.54378e-05	1.99029e-05	2.75403e-05	4.0988e-05	6.25574e-05	7.71091e-05	9.37461e-05	0.000112591	0.000135803	0.000165928	0.000200712	0.000243934	0.000293078	0.000348588	0.000446701	0.0011945	0.00333338	0.00972852	0.0296111	0.0935737	0.305301	1.02164	3.47787	11.9058	40.0892	125.572	325.899	643.33	1023.03	1439.95	1900.22	2415.43	2997.07	3658.41	4393.68	5220.68	6155.56	7184.65	8305.49	9547.15	10957.7	12445.5	14058.1	15726.2	17531.1	19461.7	21449	21310.8	
0	0	0	0	0	0	0	0	0	1.14093e-05	1.07941e-05	1.07759e-05	1.14037e-05	1.28276e-05	1.54378e-05	1.99029e-05	2.75403e-05	4.0988e-05	6.25574e-05	7.71091e-05	9.37461e-05	0.000112591	0.000135803	0.000165928	0.000200712	0.000243934	0.000293078	0.000348588	0.00042961	0.000734163	0.00204712	0.00592963	0.0178918	0.056082	0.181765	0.605532	2.05851	7.07336	24.1907	79.5018	230.282	520.138	906.577	1339.03	1811.23	2334.36	2921.5	3586.78	4324.57	5152.56	6086.63	7112.58	8227.44	9459.96	10857.6	12328.1	13918.2	15558.3	17329.2	19219.2	21157.3	20969.2	
0	0	0	0	0	0	0	0	0	1.14093e-05	1.07941e-05	1.07759e-05	1.14037e-05	1.28276e-05	1.54378e-05	1.99029e-05	2.75403e-05	4.0988e-05	6.25574e-05	7.71091e-05	9.37461e-05	0.000112591	0.000135803	0.000165928	0.000200712	0.000243934	0.000293078	0.000348588	0.00042961	0.000521623	0.00122686	0.0035584	0.01067	0.0331929	0.106836	0.354052	1.20039	4.12999	14.2519	48.2314	151.307	391.888	770.382	1219.38	1708.36	2243.32	2838.88	3510.69	4253.59	5085.33	6021.66	7047.82	8160.33	9387.74	10777.1	12235.1	13808	15425.8	17168.7	19024.6	20920.3	20682.4	
0	0	0	0	0	0	0	0	0	1.14093e-05	1.07941e-05	1.07759e-05	1.14037e-05	1.28276e-05	1.54378e-05	1.99029e-05	2.75403e-05	4.0988e-05	6.25574e-05	7.71091e-05	9.37461e-05	0.000112591	0.000135803	0.000165928	0.000200712	0.000243934	0.000293078	0.000348588	0.00042961	0.000521623	0.00074792	0.00213644	0.00632365	0.0194563	0.062059	0.204259	0.689608	2.37078	8.22024	28.3051	93.4849	271.967	616.667	1075.95	1586.54	2138.66	2746.56	3428.04	4179.02	5017.62	5959.57	6989.59	8103.69	9330.3	10716.2	12166.9	13728.2	15329.3	17050.6	18879.3	20739.4	20451.3	
0	0	0	0	0	0	0	0	0	1.14093e-05	1.07941e-05	1.07759e-05	1.14037e-05	1.28276e-05	1.54378e-05	1.99029e-05	2.75403e-05	4.0988e-05	6.25574e-05	7.71091e-05	9.37461e-05	0.000112591	0.000135803	0.000165928	0.000200712	0.000243934	0.000293078	0.000348588	0.00042961	0.000521623	0.00060569	0.00123616	0.0036656	0.0112099	0.0354919	0.116039	0.389868	1.3375	4.64726	16.1653	55.0744	174.099	456.014	905.472	1439.08	2015.09	2640.74	3335.93	4098.5	4947.45	5898.78	6936.66	8056.64	9287.12	10674.8	12123.7	13679.3	15269.9	16976.1	18784.5	20616.2	20276.7	
0	0	0	0	0	0	0	0	0	1.14093e-05	1.07941e-05	1.07759e-05	1.14037e-05	1.28276e-05	1.54378e-05	1.99029e-05	2.75403e-05	4.0988e-05	6.25574e-05	7.71091e-05	9.37461e-05	0.000112591	0.000135803	0.000165928	0.000200712	0.000243934	0.000293078	0.000348588	0.00042961	0.000521623	0.00060569	0.000766556	0.00206323	0.00633582	0.0199669	0.0648802	0.216827	0.741474	2.57663	9.01425	31.2794	104.203	307.592	711.491	1258.62	1865.14	2516.04	3230.42	4008.94	4872.33	5837.27	6887.5	8018.09	9257.59	10652.8	12105.8	13662.1	15248.6	16946.6	18742.3	20552.8	20160.1	
0	0	0	0	0	0	0	0	0	1.14093e-05	1.07941e-05	1.07759e-05	1.14037e-05	1.28276e-05	1.54378e-05	1.99029e-05	2.75403e-05	4.0988e-05	6.25574e-05	7.71091e-05	9.37461e-05	0.000112591	0.000135803	0.000165928	0.000200712	0.000243934	0.000293078	0.000348588	0.00042961	0.000521623	0.00060569	0.000766556	0.00118252	0.00357736	0.0111362	0.0358249	0.118804	0.404195	1.40189	4.91704	17.2456	59.2635	189.975	510.457	1040.97	1678.83	2364.49	3105.84	3906.07	4788.83	5772.27	6839.92	7986.46	9240.7	10649.9	12113.5	13677.3	15266.8	16964.1	18754.8	20551.8	20103.2	
0	0	0	0	0	0	0	0	0	1.14093e-05	1.07941e-05	1.07759e-05	1.14037e-05	1.28276e-05	1.54378e-05	1.99029e-05	2.75403e-05	4.0988e-05	6.25574e-05	7.71091e-05	9.37461e-05	0.000112591	0.000135803	0.000165928	0.000200712	0.000243934	0.000293078	0.000348588	0.00042961	0.000521623	0.00060569	0.000766556	0.000897297	0.00193405	0.00604754	0.0193657	0.0638325	0.216057	0.747188	2.62221	9.2543	32.3896	109.211	330.323	793.44	1445.68	2174.77	2954.14	3784.25	4692.77	5700.61	6791.66	7960.3	9235.88	10666.2	12148	13727.2	15327.5	17032.4	18826.8	20618.6	20110.4	
0	0	0	0	0	0	0	0	0	1.14093e-05	1.07941e-05	1.07759e-05	1.14037e-05	1.28276e-05	1.54378e-05	1.99029e-05	2.75403e-05	4.0988e-05	6.25574e-05	7.71091e-05	9.37461e-05	0.000112591	0.000135803	0.000165928	0.000200712	0.000243934	0.000293078	0.000348588	0.00042961	0.000521623	0.00060569	0.000766556	0.000897297	0.00112638	0.00317071	0.0102238	0.0335954	0.113177	0.38998	1.36722	4.84078	17.1287	59.4859	194.457	543.611	1161.69	1931.63	2762.7	3634.69	4577.69	5617.33	6738.86	7936.82	9241.34	10701.1	12209.6	13813	15432.9	17154.7	18962.4	20758.1	20185.5	
0	0	0	0	0	0	0	0	0	1.14093e-05	1.07941e-05	1.07759e-05	1.14037e-05	1.28276e-05	1.54378e-05	1.99029e-05	2.75403e-05	4.0988e-05	6.25574e-05	7.71091e-05	9.37461e-05	0.000112591	0.000135803	0.000165928	0.000200712	0.000243934	0.000293078	0.000348588	0.00042961	0.000521623	0.00060569	0.000766556	0.000897297	0.00112638	0.00169154	0.0053744	0.0174562	0.0582781	0.199536	0.697224	2.46991	8.79404	31.0739	106.342	332.21	844.2	1620.57	2513.03	3443.94	4434.29	5515.55	6676.36	7912.28	9254.74	10753.7	12298.7	13936.6	15586.4	17335.6	19167.7	20977.3	20334	
0	0	0	0	0	0	0	0	0	1.14093e-05	1.07941e-05	1.07759e-05	1.14037e-05	1.28276e-05	1.54378e-05	1.99029e-05	2.75403e-05	4.0988e-05	6.25574e-05	7.71091e-05	9.37461e-05	0.000112591	0.000135803	0.000165928	0.000200712	0.000243934	0.000293078	0.000348588	0.00042961	0.000521623	0.00060569	0.000766556	0.000897297	0.00112638	0.00132918	0.00268685	0.00878742	0.0292422	0.0996411	0.346908	1.22779	4.386	15.6616	55.0392	184.119	541.398	1242.96	2181.67	3190.99	4248.11	5385.19	6596.83	7881.42	9272.71	10822.6	12416	14100.5	15792.1	17581.2	19450.4	21285.6	20563.4	
0	0	0	0	0	0	0	0	0	1.14093e-05	1.07941e-05	1.07759e-05	1.14037e-05	1.28276e-05	1.54378e-05	1.99029e-05	2.75403e-05	4.0988e-05	6.25574e-05	7.71091e-05	9.37461e-05	0.000112591	0.000135803	0.000165928	0.000200712	0.000243934	0.000293078	0.000348588	0.00042961	0.000521623	0.00060569	0.000766556	0.000897297	0.00112638	0.00132918	0.00162402	0.00424342	0.0142542	0.048488	0.168244	0.594256	2.12526	7.6367	27.2668	94.8619	307.336	840.576	1752.04	2844.96	3995.64	5210.38	6489.16	7836.34	9290.04	10905.1	12561.3	14307.2	16055	17898.9	19820.3	21694.7	20883	
0	0	0	0	0	0	0	0	0	1.14093e-05	1.07941e-05	1.07759e-05	1.14037e-05	1.28276e-05	1.54378e-05	1.99029e-05	2.75403e-05	4.0988e-05	6.25574e-05	7.71091e-05	9.37461e-05	0.000112591	0.000135803	0.000165928	0.000200712	0.000243934	0.000293078	0.000348588	0.00042961	0.000521623	0.00060569	0.000766556	0.000897297	0.00112638	0.00132918	0.00162402	0.00208052	0.00688701	0.0231692	0.0797409	0.280214	1.00051	3.60538	12.9965	46.255	158.502	493.186	1247.24	2371.62	3639.37	4965.02	6336.11	7765.38	9299.2	10997.5	12734.5	14560.1	16382	18299.1	20291.5	22221.4	21306.4	
0	0	0	0	0	0	0	0	0	1.14093e-05	1.07941e-05	1.07759e-05	1.14037e-05	1.28276e-05	1.54378e-05	1.99029e-05	2.75403e-05	4.0988e-05	6.25574e-05	7.71091e-05	9.37461e-05	0.000112591	0.000135803	0.000165928	0.000200712	0.000243934	0.000293078	0.000348588	0.00042961	0.000521623	0.00060569	0.000766556	0.000897297	0.00112638	0.00132918	0.00162402	0.00196869	0.00313845	0.0106527	0.0365841	0.128077	0.456246	1.64549	5.9656	21.5297	76.1621	255.981	760.14	1767.11	3127.26	4604.18	6108.04	7649.25	9287.72	11093	12934.1	14862.8	16781.5	18795	20881.9	22887.6	21851.1	
0	0	0	0	0	0	0	0	0	1.14093e-05	1.07941e-05	1.07759e-05	1.14037e-05	1.28276e-05	1.54378e-05	1.99029e-05	2.75403e-05	4.0988e-05	6.25574e-05	7.71091e-05	9.37461e-05	0.000112591	0.000135803	0.000165928	0.000200712	0.000243934	0.000293078	0.000348588	0.00042961	0.000521623	0.00060569	0.000766556	0.000897297	0.00112638	0.00132918	0.00162402	0.00196869	0.00241171	0.00465627	0.0161722	0.0565788	0.201076	0.724699	2.63502	9.5926	34.5866	121.345	398.729	1120.18	2422.28	4056.31	5751.1	7453.49	9233.63	11178.5	13154.4	15216.8	17262	19401.9	21613.5	23720.9	22538.5	
0	0	0	0	0	0	0	0	0	1.14093e-05	1.07941e-05	1.07759e-05	1.14037e-05	1.28276e-05	1.54378e-05	1.99029e-05	2.75403e-05	4.0988e-05	6.25574e-05	7.71091e-05	9.37461e-05	0.000112591	0.000135803	0.000165928	0.000200712	0.000243934	0.000293078	0.000348588	0.00042961	0.000521623	0.00060569	0.000766556	0.000897297	0.00112638	0.00132918	0.00162402	0.00196869	0.00241171	0.0028491	0.00676564	0.0239968	0.0853565	0.307363	1.11874	4.09384	14.9388	53.7364	186.724	596.29	1592.79	3244.43	5171.22	7113.2	9096.67	11229.8	13383.8	15621.2	17832.2	20138.6	22515	24757.5	23396.5	
0	0	0	0	0	0	0	0	0	1.14093e-05	1.07941e-05	1.07759e-05	1.14037e-05	1.28276e-05	1.54378e-05	1.99029e-05	2.75403e-05	4.0988e-05	6.25574e-05	7.71091e-05	9.37461e-05	0.000112591	0.000135803	0.000165928	0.000200712	0.000243934	0.000293078	0.000348588	0.00042961	0.000521623	0.00060569	0.000766556	0.000897297	0.00112638	0.00132918	0.00162402	0.00196869	0.00241171	0.0028491	0.0035154	0.00958834	0.0346629	0.125126	0.455737	1.67249	6.14973	22.4693	80.5755	276.283	860.416	2199.78	4242.56	6506.73	8798.54	11201.8	13599.5	16071.2	18503.7	21032	23628.4	26051.7	24466.2	
0	0	0	0	0	0	0	0	0	1.14093e-05	1.07941e-05	1.07759e-05	1.14037e-05	1.28276e-05	1.54378e-05	1.99029e-05	2.75403e-05	4.0988e-05	6.25574e-05	7.71091e-05	9.37461e-05	0.000112591	0.000135803	0.000165928	0.000200712	0.000243934	0.000293078	0.000348588	0.00042961	0.000521623	0.00060569	0.000766556	0.000897297	0.00112638	0.00132918	0.00162402	0.00196869	0.00241171	0.0028491	0.0035154	0.00427549	0.0131676	0.0484289	0.177108	0.651428	2.40682	8.8835	32.4801	115.813	393.024	1198.47	2939.99	5443.04	8178.87	10998.5	13753.8	16552.8	19289.6	22120.8	25017.3	27686.3	25810.4	
0	0	0	0	0	0	0	0	0	1.14093e-05	1.07941e-05	1.07759e-05	1.14037e-05	1.28276e-05	1.54378e-05	1.99029e-05	2.75403e-05	4.0988e-05	6.25574e-05	7.71091e-05	9.37461e-05	0.000112591	0.000135803	0.000165928	0.000200712	0.000243934	0.000293078	0.000348588	0.00042961	0.000521623	0.00060569	0.000766556	0.000897297	0.00112638	0.00132918	0.00162402	0.00196869	0.00241171	0.0028491	0.0035154	0.00427549	0.00517833	0.0173863	0.0649396	0.240212	0.89094	3.31061	12.2587	44.7543	159.031	535.508	1600.08	3816.81	6947.04	10395.2	13722.5	17013.9	20189.1	23447.9	26765.4	29775.8	27511.7	
0	0	0	0	0	0	0	0	0	1.14093e-05	1.07941e-05	1.07759e-05	1.14037e-05	1.28276e-05	1.54378e-05	1.99029e-05	2.75403e-05	4.0988e-05	6.25574e-05	7.71091e-05	9.37461e-05	0.000112591	0.000135803	0.000165928	0.000200712	0.000243934	0.000293078	0.000348588	0.00042961	0.000521623	0.00060569	0.000766556	0.000897297	0.00112638	0.00132918	0.00162402	0.00196869	0.00241171	0.0028491	0.0035154	0.00427549	0.00517833	0.00628822	0.021975	0.0832131	0.310864	1.16139	4.33743	16.0812	58.719	208.245	695.358	2054.21	4883.62	8937.41	13178.7	17288.7	21151.6	25047.8	28979.8	32480.4	29677.6	
0	0	0	0	0	0	0	0	0	1.14093e-05	1.07941e-05	1.07759e-05	1.14037e-05	1.28276e-05	1.54378e-05	1.99029e-05	2.75403e-05	4.0988e-05	6.25574e-05	7.71091e-05	9.37461e-05	0.000112591	0.000135803	0.000165928	0.000200712	0.000243934	0.000293078	0.000348588	0.00042961	0.000521623	0.00060569	0.000766556	0.000897297	0.00112638	0.00132918	0.00162402	0.00196869	0.00241171	0.0028491	0.0035154	0.00427549	0.00517833	0.00628822	0.00760923	0.026613	0.102	0.384376	1.44538	5.41557	20.1274	73.5694	260.095	865.281	2570.06	6230.07	11408.7	16896.4	21980.1	26931.6	31829.5	36074.8	32487.7	
0	0	0	0	0	0	0	0	0	1.14093e-05	1.07941e-05	1.07759e-05	1.14037e-05	1.28276e-05	1.54378e-05	1.99029e-05	2.75403e-05	4.0988e-05	6.25574e-05	7.71091e-05	9.37461e-05	0.000112591	0.000135803	0.000165928	0.000200712	0.000243934	0.000293078	0.000348588	0.00042961	0.000521623	0.00060569	0.000766556	0.000897297	0.00112638	0.00132918	0.00162402	0.00196869	0.00241171	0.0028491	0.0035154	0.00427549	0.00517833	0.00628822	0.00760923	0.00915749	0.0307222	0.11901	0.451979	1.70766	6.42413	23.9466	87.515	309.257	1034.96	3135.1	7746.28	14652.9	21956.7	28956.8	35609.4	41123.2	36316.2	
0	0	0	0	0	0	0	0	0	1.14093e-05	1.07941e-05	1.07759e-05	1.14037e-05	1.28276e-05	1.54378e-05	1.99029e-05	2.75403e-05	4.0988e-05	6.25574e-05	7.71091e-05	9.37461e-05	0.000112591	0.000135803	0.000165928	0.000200712	0.000243934	0.000293078	0.000348588	0.00042961	0.000521623	0.00060569	0.000766556	0.000897297	0.00112638	0.00132918	0.00162402	0.00196869	0.00241171	0.0028491	0.0035154	0.00427549	0.00517833	0.00628822	0.00760923	0.00915749	0.0110962	0.0335252	0.13109	0.500812	1.90188	7.18486	26.828	98.186	348.826	1182.56	3637.95	9444.6	18901.5	29906.9	40459.8	48671	41862.6	
0	0	0	0	0	0	0	0	0	1.14093e-05	1.07941e-05	1.07759e-05	1.14037e-05	1.28276e-05	1.54378e-05	1.99029e-05	2.75403e-05	4.0988e-05	6.25574e-05	7.71091e-05	9.37461e-05	0.000112591	0.000135803	0.000165928	0.000200712	0.000243934	0.000293078	0.000348588	0.00042961	0.000521623	0.00060569	0.000766556	0.000897297	0.00112638	0.00132918	0.00162402	0.00196869	0.00241171	0.0028491	0.0035154	0.00427549	0.00517833	0.00628822	0.00760923	0.00915749	0.0110962	0.0130797	0.0350536	0.138061	0.530546	2.02474	7.67072	28.7171	105.66	378.901	1293.76	4098.77	11321.8	25399.3	44190.9	60105.1	50407.5	
0	0	0	0	0	0	0	0	0	1.14093e-05	1.07941e-05	1.07759e-05	1.14037e-05	1.28276e-05	1.54378e-05	1.99029e-05	2.75403e-05	4.0988e-05	6.25574e-05	7.71091e-05	9.37461e-05	0.000112591	0.000135803	0.000165928	0.000200712	0.000243934	0.000293078	0.000348588	0.00042961	0.000521623	0.00060569	0.000766556	0.000897297	0.00112638	0.00132918	0.00162402	0.00196869	0.00241171	0.0028491	0.0035154	0.00427549	0.00517833	0.00628822	0.00760923	0.00915749	0.0110962	0.0130797	0.0160848	0.0378733	0.150179	0.580246	2.2223	8.44752	31.7984	117.957	425.078	1474.34	4816.7	14486	37704.4	73293	64276.1	
0	0	0	0	0	0	0	0	0	1.14093e-05	1.07941e-05	1.07759e-05	1.14037e-05	1.28276e-05	1.54378e-05	1.99029e-05	2.75403e-05	4.0988e-05	6.25574e-05	7.71091e-05	9.37461e-05	0.000112591	0.000135803	0.000165928	0.000200712	0.000243934	0.000293078	0.000348588	0.00042961	0.000521623	0.00060569	0.000766556	0.000897297	0.00112638	0.00132918	0.00162402	0.00196869	0.00241171	0.0028491	0.0035154	0.00427549	0.00517833	0.00628822	0.00760923	0.00915749	0.0110962	0.0130797	0.0160848	0.0198006	0.0429675	0.171397	0.664941	2.55661	9.77308	37.0732	138.189	503.808	1778.15	6065.98	19939	61431.2	103567	
